true

0

20
20

3
01 02 02 02 02 02 02 02 02 02 02 02 02 02 02 02 02 50 02 03 
08 10 12 13 11 13 10 13 10 10 10 10 12 10 13 10 11 10 12 04 
08 12 12 11 13 11 12 11 11 10 11 11 12 10 12 12 13 11 13 04 
08 10 11 10 12 11 13 12 13 11 11 10 12 13 11 30 11 10 13 04 
08 13 10 10 13 10 11 10 12 11 11 12 10 10 11 30 10 10 11 04 
08 13 11 13 10 13 10 10 11 12 12 13 13 10 12 11 12 30 10 04 
08 11 12 10 11 11 10 10 10 12 12 11 13 11 11 30 11 10 11 04 
08 11 11 12 13 13 11 11 11 12 10 10 13 30 13 30 11 12 10 04 
08 13 11 10 11 30 12 12 10 11 10 13 12 30 10 11 13 10 10 04 
08 12 13 30 30 13 30 13 30 12 30 30 30 12 12 11 12 10 11 04 
08 13 11 13 11 10 12 13 11 30 10 13 11 10 11 12 13 11 12 04 
08 12 10 11 11 11 11 10 12 13 10 13 11 13 12 10 13 11 12 04 
08 11 13 13 10 12 11 13 10 10 10 13 11 10 11 13 12 13 12 04 
08 10 12 10 11 13 11 10 11 12 10 12 11 10 13 10 13 11 13 04 
08 11 12 13 12 10 10 12 12 13 11 13 11 12 13 13 12 11 10 04 
08 10 12 12 13 12 11 12 10 10 11 12 10 11 12 13 10 12 12 04 
08 11 12 13 12 13 11 11 13 11 10 13 11 11 12 11 11 11 10 04 
08 13 12 12 11 11 10 13 13 13 10 13 12 12 13 10 11 10 10 04 
08 13 13 10 12 12 10 10 11 12 10 10 13 12 10 12 10 10 10 04 
07 06 06 06 06 06 06 06 06 06 06 06 06 06 06 06 06 06 06 05 



